0000000000000000000000000000000000000
0000000000000000000000000000000000000
000000 0000000000000000 0000000000000
0000000000000000000000000000000000000
0000000000000a00000000000000000000000
0000000000000000000000000000000000a00
0000000000000000000000000000000000000
000000 0000000000000000 0000000000000
0000000000000000z00000000000000000000
0000000000000000000000000000000000000
000000 0000000000000000 0000000000000
0000000000000000000000000000000000000
00000000000000000000000000000000z0000
0000000000000000000000000000000000000
